chr,length,offset
1,80884392,0
2,77742459,80884392
3,74386277,158626851
4,68658214,233013128
5,71854669,301671342
6,61277060,373526011
7,65505356,434803071
8,62686529,500308427
9,59416394,562994956
10,61233695,622411350
